821,985,622,621,300,954,37,546,891,679 
174,452,234,279,281,476,317,144,879,139 
583,920,196,775,700,927,624,35,969,530 
958,264,953,906,396,409,299,228,318,137 
177,69,998,173,691,382,837,28,265,615 
193,361,158,291,784,237,378,711,163,964 
957,369,778,75,974,950,285,674,193,64 
647,997,124,369,210,676,522,37,975,692 
186,734,758,447,134,321,53,600,333,556 
878,275,229,498,15,729,663,903,574,512 
974,614,122,629,310,895,656,375,934,708 
885,893,558,430,79,8,179,883,774,599 
522,920,716,35,240,2,92,193,176,21 
913,443,567,966,24,478,435,219,550,445 
834,530,391,564,863,927,384,448,234,601 
568,461,511,42,93,921,571,785,539,608 
550,146,429,144,720,466,634,920,452,21 
544,24,58,3,82,52,199,765,351,780 
243,57,73,257,107,583,455,879,765,371 
379,836,715,38,7,177,468,23,563,999 
505,83,358,616,694,184,715,771,333,791 
65,896,499,526,689,186,326,860,914,153 
324,294,809,212,780,537,19,673,839,296 
856,276,646,327,130,740,365,443,875,804 
784,947,667,608,976,199,823,947,932,992 
117,8,299,437,292,250,594,755,387,775 
566,662,349,51,782,758,674,925,883,954 
468,592,838,466,685,707,234,76,354,126 
433,10,942,361,560,563,452,249,408,838 
723,844,636,817,690,132,991,553,411,326 
440,179,166,798,826,662,397,809,247,26 
605,103,706,666,299,249,487,197,369,694 
715,347,153,821,448,961,75,357,442,652 
658,819,47,658,867,532,384,589,442,258 
913,696,375,486,475,237,960,694,608,771 
161,646,748,776,881,318,762,114,748,126 
611,826,562,514,466,138,578,133,875,900 
705,146,863,132,665,991,10,37,33,837 
42,59,806,771,795,24,260,367,92,816 
568,982,226,150,710,346,142,331,576,215 
242,79,298,863,241,664,109,266,461,153 
433,495,428,846,606,317,649,952,962,631 
867,405,137,64,931,499,642,659,464,908 
494,189,498,900,510,482,928,975,257,441 
28,977,214,725,54,144,792,958,699,488 
145,51,192,780,762,750,849,773,199,168 
335,137,979,526,761,988,188,61,258,950 
408,693,123,321,543,739,672,420,525,821 
408,856,835,710,669,418,327,682,108,180 
742,929,691,776,983,485,465,15,419,822 
385,305,114,177,203,802,918,170,407,470 
379,876,667,223,411,673,976,674,942,68 
784,20,730,971,368,800,656,929,931,410 
128,783,676,181,942,419,864,807,883,844 
863,184,461,357,119,470,696,282,634,239 
673,30,174,18,72,891,866,500,199,915 
756,224,789,20,462,534,535,479,895,769 
27,715,565,34,8,651,216,985,972,812 
7,871,386,686,853,126,884,557,86,556 
835,91,688,344,353,631,218,124,718,507 
344,15,117,23,820,760,819,944,58,90 
915,360,69,307,253,769,533,539,994,825 
359,894,506,867,446,618,632,959,747,898 
320,928,36,401,894,891,37,47,778,58 
33,423,362,811,740,786,350,976,537,732 
952,260,450,460,808,790,160,604,773,861 
223,465,48,160,609,429,473,51,206,392 
77,115,569,392,465,703,885,319,10,639 
691,446,107,20,219,263,223,368,139,604 
451,799,642,789,781,812,23,245,446,107 
947,537,630,878,486,803,269,68,109,765 
863,710,606,786,567,901,660,504,702,825 
140,295,670,412,692,638,64,455,209,731 
229,315,696,1,49,438,142,134,981,368 
867,826,822,500,363,113,850,74,977,401 
715,650,357,968,66,464,12,882,10,269 
547,574,249,675,269,426,545,258,781,925 
337,747,243,243,273,628,319,399,39,774 
993,64,651,546,434,772,510,263,221,398 
59,278,59,920,47,841,436,834,156,808 
299,349,316,215,16,613,157,799,153,65 
216,120,7,882,4,927,75,719,87,585 
819,802,458,317,721,179,238,782,90,196 
986,368,626,802,448,715,939,916,180,594 
433,885,476,314,382,10,503,560,820,644 
92,622,969,975,956,428,523,99,233,605 
343,996,320,512,419,295,28,457,970,517 
613,996,972,105,815,330,100,928,537,504 
176,809,446,106,996,493,622,926,907,972 
30,557,843,284,897,432,248,877,825,756 
513,201,673,522,377,140,376,276,714,23 
763,466,571,825,444,57,541,684,194,28 
320,198,465,650,845,686,469,57,971,299 
297,958,219,792,195,682,397,41,793,431 
470,432,665,789,610,478,494,137,551,343 
529,172,374,514,619,102,880,353,72,673 
926,196,529,210,909,389,598,728,150,969 
80,300,302,262,302,384,649,805,566,554 
760,225,573,211,746,860,766,147,534,210 
262,117,866,791,564,974,753,171,67,421 
318,34,776,114,514,570,593,308,729,74 
534,319,148,119,555,122,216,655,109,643 
202,49,611,507,465,941,129,852,820,930 
19,576,759,438,120,378,471,450,46,887 
296,901,770,752,255,959,772,95,451,126 
925,425,772,544,942,926,198,670,564,913 
814,595,884,305,199,220,977,330,936,554 
319,310,886,677,610,586,646,585,102,94 
876,867,539,357,62,959,294,779,58,133 
523,851,930,293,970,976,342,555,514,421 
721,514,773,579,69,5,340,57,327,520 
644,49,637,146,729,810,26,968,537,369 
924,380,134,592,619,813,793,850,446,461 
790,204,66,596,576,197,386,777,136,44 
813,801,370,328,311,358,859,277,117,125 
608,525,20,466,569,52,909,392,116,317 
782,729,285,160,96,196,33,30,828,17 
835,941,263,945,250,586,474,593,107,719 
329,983,716,589,633,12,493,248,885,114 
998,853,905,482,13,442,338,644,16,462 
878,578,555,459,794,795,70,465,37,836 
503,182,402,497,272,904,608,723,926,399 
799,678,751,879,74,714,156,945,854,143 
637,515,538,140,967,294,152,985,718,257 
333,536,878,705,728,90,557,954,28,483 
363,728,628,377,847,549,530,95,818,638 
556,971,852,99,862,519,11,540,876,254 
687,120,798,107,849,173,449,746,750,875 
433,128,925,983,161,127,413,95,363,368 
188,771,26,49,344,217,834,314,71,146 
979,844,704,438,341,190,308,469,613,833 
296,438,19,610,220,24,659,411,300,125 
171,324,572,431,979,878,672,547,870,74 
183,498,980,765,889,78,595,382,81,781 
473,910,686,541,834,701,509,611,257,825 
188,506,858,612,353,869,779,592,214,119 
665,684,260,702,162,957,63,655,438,967 
494,205,530,492,147,125,654,881,615,667 
797,734,571,539,667,941,115,698,997,337 
778,939,152,378,141,504,918,53,746,7 
505,676,955,35,525,18,612,980,212,429 
425,466,118,164,872,949,36,984,22,354 
118,218,646,427,562,923,424,286,969,251 
389,461,259,399,237,958,229,682,849,909 
206,862,889,721,562,916,424,797,417,581 
145,252,16,685,695,63,82,726,7,966 
670,329,989,848,392,511,951,327,251,344 
843,659,565,610,772,199,240,134,91,980 
709,374,91,827,867,778,347,426,423,579 
893,705,647,303,880,992,972,234,47,633 
752,131,427,342,15,531,833,376,653,980 
982,222,987,484,946,14,542,44,173,891 
273,603,673,739,828,67,314,47,899,131 
757,291,365,128,43,328,920,36,551,351 
271,995,209,107,433,471,74,505,723,403 
450,315,763,186,717,991,805,5,456,195 
987,579,538,983,99,519,546,506,15,958 
889,516,868,935,981,607,128,902,253,681 
443,963,928,273,556,146,166,457,50,570 
777,192,416,172,42,426,734,145,103,324 
368,802,558,660,931,356,665,73,78,275 
589,893,754,802,429,294,861,839,951,382 
238,132,446,169,690,963,831,727,147,544 
797,537,617,462,743,9,42,263,508,959 
359,91,794,292,13,342,714,469,844,592 
228,474,466,344,103,157,313,709,435,30 
983,964,815,411,210,403,158,483,40,298 
617,550,772,261,879,801,11,661,417,165 
40,841,902,468,396,473,735,392,865,971 
808,705,871,829,953,519,752,783,511,315 
750,5,457,717,756,343,247,653,481,563 
461,342,892,126,244,179,65,291,791,789 
54,591,665,42,698,905,879,444,414,16 
286,213,764,554,476,807,111,978,751,736 
176,257,411,588,639,283,899,54,647,627 
924,366,254,66,427,222,790,645,895,73 
624,501,101,219,574,896,237,816,197,864 
42,421,283,232,584,146,526,226,21,528 
467,659,505,856,162,260,684,130,62,495 
884,134,28,835,680,550,443,514,171,937 
549,346,106,507,1,458,370,627,444,816 
67,21,411,935,805,815,846,784,776,755 
307,777,677,587,457,50,87,606,306,808 
588,285,524,715,911,940,902,960,404,240 
615,899,716,614,615,794,756,767,220,649 
630,235,843,915,406,836,285,381,890,683 
997,396,968,72,675,467,177,172,815,177 
873,588,682,450,196,660,956,211,771,174 
630,711,230,418,475,801,174,819,650,274 
975,692,642,308,120,189,228,656,287,395 
29,864,406,78,491,55,501,118,653,308 
694,577,209,792,664,893,578,455,670,204 
753,636,742,701,344,133,741,562,55,666 
826,730,681,940,216,667,661,696,878,266 
493,548,616,531,541,137,613,930,812,587 
687,263,695,175,490,556,726,751,161,670 
290,809,912,601,560,481,37,610,746,144 
412,467,122,335,360,760,509,461,64,849 
107,621,915,973,807,609,529,727,484,417 
901,143,192,547,409,800,447,384,634,494 
947,660,136,73,599,828,481,113,480,444 
226,442,123,874,723,148,836,513,65,50 
361,821,529,974,243,616,724,699,871,436 
791,934,169,845,670,494,448,13,108,644 
610,331,818,412,189,996,96,201,372,138 
774,938,582,368,411,590,519,570,200,27 
472,317,108,213,655,812,305,866,957,187 
940,875,575,799,32,711,776,787,780,904 
177,211,420,814,689,980,389,559,782,735 
607,823,236,151,800,258,794,25,311,30 
254,546,178,879,532,722,875,82,740,143 
586,400,643,433,244,38,736,572,626,629 
574,268,765,247,399,498,964,314,274,48 
797,627,712,850,845,542,262,882,313,647 
565,341,371,227,210,506,66,673,4,810 
424,897,591,978,419,916,636,640,980,61 
989,401,120,699,806,564,611,512,105,161 
683,903,810,788,856,416,373,371,819,758 
135,971,187,446,986,580,137,774,956,145 
682,768,915,552,213,890,550,526,449,696 
228,26,313,144,815,44,936,553,851,320 
249,495,856,990,566,810,319,547,141,484 
408,981,535,761,632,575,230,129,533,814 
171,335,959,399,480,7,976,487,428,556 
929,927,878,522,390,386,937,257,605,208 
107,531,407,586,8,881,417,439,731,476 
621,36,763,603,962,891,703,911,956,461 
648,198,69,487,487,998,13,747,560,408 
412,476,316,651,256,692,785,49,313,349 
112,167,24,714,75,213,636,435,839,301 
258,148,455,199,642,185,858,924,488,980 
49,99,814,313,117,655,109,962,168,143 
599,711,752,126,968,127,86,225,309,826 
360,84,383,622,242,500,683,297,386,599 
786,154,907,917,329,898,555,192,534,689 
461,538,28,331,813,930,175,99,693,917 
800,320,561,38,217,425,878,630,502,496 
487,604,398,158,236,242,458,333,864,748 
216,413,879,430,853,554,48,460,155,421 
759,516,188,441,639,572,32,15,250,81 
55,957,398,666,855,495,269,590,975,911 
584,931,678,90,402,99,759,813,426,43 
932,933,362,960,926,578,452,912,515,334 
811,546,418,386,87,821,478,817,772,740 
833,27,396,795,611,856,99,164,19,50 
767,563,972,898,909,394,37,801,215,130 
917,570,530,971,229,62,600,7,449,656 
529,731,636,663,736,365,296,361,817,751 
733,704,418,72,89,720,115,239,222,216 
676,108,120,426,661,217,734,142,962,152 
87,531,511,78,248,665,800,343,934,156 
283,349,398,394,413,848,65,44,534,669 
193,13,250,990,189,366,354,682,629,400 
66,796,1,624,786,83,493,905,109,993 
420,411,950,460,577,278,513,187,198,601 
259,415,662,923,388,150,408,276,830,170 
105,242,982,946,872,786,983,617,14,366 
804,630,665,26,278,447,500,949,650,482 
933,498,76,873,50,921,289,236,692,872 
605,920,494,162,332,414,64,663,761,872 
253,993,1,533,443,178,221,311,619,845 
907,326,707,83,672,771,883,964,290,854 
877,505,162,762,746,669,676,187,199,199 
378,969,103,996,638,673,800,298,429,820 
997,239,407,781,655,645,99,433,288,683 
246,662,492,832,343,767,794,774,74,236 
989,770,309,991,393,521,731,204,961,528 
562,795,304,13,58,10,298,288,9,208 
550,661,611,627,909,73,829,554,614,749 
721,395,147,119,12,582,651,479,228,635 
944,844,595,279,496,2,276,58,312,110 
34,855,93,604,836,962,131,453,419,543 
316,924,100,571,969,917,799,138,902,503 
427,854,24,106,512,703,628,373,562,678 
54,24,434,923,976,224,628,388,279,826 
365,675,655,999,678,637,944,939,707,31 
482,618,110,344,295,145,880,306,599,148 
928,323,216,3,471,338,851,910,737,952 
797,565,423,654,686,915,470,231,910,991 
650,125,10,679,815,392,545,66,12,923 
243,449,318,831,566,375,677,349,422,795 
885,497,698,753,407,703,809,772,913,963 
568,331,973,835,164,391,336,691,556,433 
149,33,576,857,462,468,357,373,319,360 
467,602,703,240,712,87,323,217,557,134 
650,346,183,709,870,268,748,58,830,528 
156,155,371,444,572,190,389,707,34,678 
201,753,59,362,303,790,834,779,124,760 
583,364,189,739,863,85,986,473,393,69 
575,6,645,968,629,749,433,909,765,995 
580,114,36,783,494,119,87,368,33,230 
237,591,698,451,851,506,389,694,155,435 
898,707,169,952,523,614,679,100,118,413 
35,620,261,705,213,988,248,512,65,585 
0,487,510,767,496,554,832,41,100,647 
365,94,365,808,259,319,781,419,169,718 
525,523,368,797,671,461,774,779,357,175 
860,473,775,439,717,832,733,429,351,232 
998,177,349,234,648,328,862,816,285,231 
195,172,487,892,281,558,890,23,81,51 
488,911,193,899,358,655,643,772,998,934 
485,593,266,321,960,298,563,391,328,41 
419,120,828,491,412,391,959,385,472,937 
666,958,41,145,857,599,665,153,426,52 
131,37,840,748,451,371,16,877,96,197 
633,24,898,266,122,679,425,448,876,497 
875,448,287,896,22,1,963,863,409,6 
154,538,337,572,691,952,928,413,559,242 
226,638,594,807,384,499,145,649,584,961 
574,912,940,603,347,862,845,889,623,728 
379,868,986,257,645,502,594,337,293,338 
793,480,318,27,958,526,884,656,416,592 
633,987,453,695,69,683,455,518,275,561 
629,648,482,112,925,511,733,475,73,172 
24,493,403,290,503,739,818,208,814,975 
251,109,982,231,276,47,934,810,228,231 
874,52,519,286,995,257,538,615,580,475 
577,571,385,251,411,845,751,374,667,562 
3,495,492,489,778,777,78,954,941,159 
38,133,63,964,6,163,898,509,690,57 
119,688,866,21,338,723,726,4,764,550 
923,252,258,162,323,205,514,196,78,20 
128,287,772,946,5,77,286,521,443,350 
996,223,218,561,809,675,782,164,139,680 
845,299,549,732,870,806,651,422,684,835 
961,445,318,297,492,564,624,44,655,599 
515,182,769,446,518,511,202,25,470,174 
502,0,601,919,214,510,675,453,751,70 
267,177,729,849,740,183,705,185,988,775 
996,301,964,424,863,856,527,607,575,10 
993,229,817,208,246,718,74,764,431,863 
276,241,240,143,374,508,399,842,904,272 
92,178,36,338,556,618,192,89,498,128 
756,379,447,964,760,75,948,847,946,821 
884,387,17,742,894,408,399,691,916,596 
449,820,500,460,635,988,900,574,826,818 
737,255,821,692,903,645,142,903,152,119 
533,57,881,483,934,167,598,514,344,315 
71,686,442,253,221,644,121,470,30,327 
136,929,98,766,447,956,30,696,776,67 
756,891,463,404,160,694,928,844,414,979 
749,415,715,817,123,80,263,377,727,128 
240,269,62,922,398,529,22,697,313,496 
437,559,460,495,359,431,470,930,648,711 
848,479,635,433,752,751,517,207,332,812 
950,178,425,687,340,460,522,369,729,987 
976,198,472,127,234,927,78,378,605,616 
288,283,505,370,104,487,913,534,409,648 
41,753,819,690,393,206,104,318,339,288 
736,474,217,638,742,964,188,376,766,661 
638,745,856,842,90,98,204,838,761,900 
177,610,341,748,711,483,6,661,478,176 
197,911,862,809,737,466,978,88,396,655 
41,173,979,68,942,954,743,986,228,558 
639,916,965,762,875,484,697,476,238,859 
424,292,45,600,837,104,196,932,650,767 
709,558,870,76,680,59,346,567,503,719 
595,908,10,432,570,269,512,316,931,230 
313,209,233,934,300,384,30,328,465,560 
257,59,384,651,483,57,317,450,363,631 
702,840,845,661,569,311,943,823,761,919 
153,542,613,389,236,430,776,400,813,90 
733,607,901,37,696,266,655,548,792,864 
204,643,235,871,227,643,740,829,852,868 
875,255,383,217,29,662,6,410,484,652 
122,769,968,461,155,4,650,473,826,819 
980,826,400,811,506,155,844,490,695,719 
788,652,55,811,168,911,864,659,869,87 
685,898,909,92,873,671,885,11,414,806 
177,150,381,740,444,336,239,254,209,136 
62,666,19,443,990,594,290,512,887,967 
456,189,861,767,850,802,814,479,428,201 
697,397,819,898,222,692,448,54,539,411 
794,756,367,3,47,31,486,766,366,599 
776,607,700,234,420,464,907,453,225,698 
442,724,201,71,697,26,187,332,219,837 
205,494,631,733,780,449,853,913,827,966 
427,852,94,726,569,604,972,358,998,829 
38,639,747,573,141,46,635,510,686,626 
237,670,752,241,634,239,658,284,387,825 
865,471,842,806,765,977,267,860,144,378 
713,468,880,71,237,606,435,290,933,5 
898,41,932,688,663,946,250,161,454,439 
877,850,659,563,652,449,94,766,878,961 
154,706,418,168,85,703,352,292,967,201 
10,850,84,770,475,755,748,506,518,402 
963,626,621,241,91,106,593,629,645,368 
352,319,786,12,391,322,739,628,397,4 
982,620,474,896,887,283,447,551,890,301 
957,544,221,811,362,398,776,658,617,995 
443,231,178,836,208,596,919,325,41,950 
76,828,709,398,22,492,67,726,12,748 
624,594,482,958,855,856,914,73,371,912 
84,978,111,167,780,528,465,635,119,820 
932,269,761,584,337,238,151,237,537,706 
462,604,839,626,251,74,398,813,26,323 
810,187,437,561,992,217,321,261,482,537 
153,108,328,739,319,470,58,42,724,431 
928,259,876,141,652,549,304,455,619,166 
987,221,919,667,327,983,511,93,602,618 
705,570,684,94,899,789,137,419,119,493 
707,911,470,812,243,846,988,652,692,397 
321,625,571,396,202,389,483,205,865,22 
5,451,116,941,506,39,959,626,966,736 
742,857,361,537,630,423,763,655,549,695 
115,362,833,378,372,939,586,745,775,975 
761,383,207,762,579,107,721,691,381,367 
403,655,905,591,197,792,848,470,440,675 
602,759,987,865,758,633,592,526,149,626 
404,649,305,727,91,644,605,554,163,958 
982,687,609,121,65,262,799,448,666,633 
60,610,337,285,231,598,409,286,304,337 
735,985,931,718,737,466,504,329,636,290 
680,463,399,817,872,487,489,342,361,417 
54,637,382,973,117,943,440,208,767,736 
826,518,895,281,477,407,116,368,640,708 
285,307,500,115,766,485,777,785,828,24 
163,372,587,255,378,982,89,426,697,69 
697,368,445,998,819,435,145,166,845,144 
194,657,849,177,796,731,205,124,981,952 
544,255,488,13,334,704,805,424,883,497 
66,461,890,710,392,693,447,669,271,667 
604,192,386,944,966,277,903,270,902,280 
646,562,408,633,131,130,437,711,310,190 
161,762,878,132,883,787,568,967,461,494 
254,626,75,210,596,389,615,436,387,31 
960,909,489,507,56,26,884,199,599,721 
156,203,75,663,786,653,862,501,589,914 
543,9,490,985,708,40,93,720,241,352 
605,697,844,108,946,603,268,247,835,32 
421,784,575,242,396,346,153,254,867,288 
63,82,782,969,692,963,719,1,230,876 
830,577,204,744,626,411,749,794,496,384 
448,519,276,440,253,888,690,734,449,531 
869,357,776,566,466,66,174,447,953,732 
80,99,383,592,920,543,765,778,206,655 
382,577,818,826,376,949,150,12,759,203 
485,316,365,165,411,246,123,287,112,737 
242,629,862,190,277,576,802,322,36,496 
607,796,245,739,393,556,956,809,270,247 
166,100,177,71,347,536,451,454,426,930 
903,866,486,624,777,379,924,512,949,76 
794,960,641,781,685,54,735,327,473,546 
273,706,557,433,983,72,385,358,895,52 
181,823,301,882,981,277,324,200,430,978 
716,282,722,764,338,768,959,383,115,514 
381,4,70,964,214,956,27,757,291,746 
371,415,844,13,759,690,97,693,603,238 
780,987,553,515,689,143,981,687,294,958 
547,291,837,583,446,603,452,589,377,693 
991,968,879,761,873,68,740,27,342,330 
71,545,678,973,112,247,301,195,289,331 
778,247,412,470,448,639,777,872,177,640 
234,748,423,348,208,864,248,250,450,433 
643,730,114,521,394,427,795,224,482,447 
177,731,158,245,525,217,264,654,102,947 
309,123,196,465,781,191,568,754,688,285 
964,771,170,887,132,536,810,50,234,997 
780,402,597,295,123,485,796,621,99,965 
851,700,115,103,618,463,612,809,165,390 
406,310,746,579,370,845,203,167,200,395 
762,296,785,660,466,577,521,255,278,640 
801,789,317,370,960,596,539,977,13,713 
501,73,804,582,457,250,297,564,331,439 
113,313,559,418,622,618,718,82,233,159 
629,275,813,341,9,365,200,41,437,540 
433,854,18,593,699,720,395,295,856,728 
556,698,192,533,973,989,452,687,499,350 
573,284,450,239,677,694,341,821,433,99 
896,383,729,653,44,282,173,413,619,237 
55,708,314,780,861,636,353,708,643,79 
262,909,719,651,696,955,440,613,713,742 
292,818,757,254,844,977,184,787,521,860 
444,969,389,248,728,851,246,362,536,275 
636,45,423,22,275,704,678,52,377,40 
851,190,218,174,322,248,313,320,671,942 
233,776,31,951,549,358,175,334,227,600 
847,951,806,882,944,94,526,408,109,767 
149,289,788,10,810,846,553,511,552,259 
227,68,188,144,549,651,324,339,445,392 
669,697,701,654,883,330,248,318,206,32 
491,180,514,492,111,324,702,433,547,993 
598,646,61,798,686,508,894,166,953,844 
22,120,576,209,128,964,733,716,230,909 
301,213,468,975,694,958,683,421,348,248 
885,389,657,947,862,347,889,161,242,362 
482,527,134,473,137,382,113,119,503,263 
369,427,411,194,479,754,146,348,201,528 
255,453,472,470,739,132,487,286,449,700 
340,118,355,951,645,242,934,800,298,211 
534,284,764,406,687,97,679,533,887,228 
243,829,433,786,428,955,679,571,675,83 
551,426,669,210,261,926,637,619,502,616 
840,341,890,685,498,32,656,16,561,552 
510,479,548,512,335,919,411,591,845,128 
422,745,209,87,109,383,102,548,464,814 
256,165,827,47,871,792,254,918,987,168 
674,483,779,219,360,117,701,14,197,205 
857,571,791,99,97,921,412,666,454,180 
944,973,998,361,888,538,668,469,155,332 
809,838,284,829,389,373,762,264,427,831 
833,747,659,13,975,666,438,205,121,4 
382,942,961,285,384,129,370,841,324,809 
26,820,959,806,73,322,930,861,637,901 
951,935,907,176,795,86,244,646,687,379 
27,493,58,960,499,484,244,204,811,731 
65,496,138,217,288,36,108,294,889,847 
562,734,61,97,701,576,224,288,328,162 
649,269,368,626,381,33,854,320,230,710 
818,912,535,720,260,10,944,220,316,670 
975,761,792,326,845,499,196,316,865,639 
749,74,104,747,379,116,265,706,210,772 
428,498,333,435,481,416,929,124,605,985 
759,769,400,807,557,492,990,374,930,154 
378,129,474,407,238,223,132,384,625,818 
681,191,142,875,532,137,789,250,954,971 
567,146,492,634,344,923,882,365,727,91 
671,356,218,341,827,6,891,416,520,90 
849,160,718,359,962,663,763,434,791,270 
213,419,467,453,519,398,594,434,703,439 
926,297,658,869,290,857,769,237,439,145 
648,199,632,426,131,861,602,512,368,679 
469,565,346,783,274,456,390,851,378,822 
573,749,425,595,917,899,652,611,33,562 
709,464,674,710,626,952,655,364,117,153 
450,485,733,113,358,516,915,514,354,722 
481,702,592,59,329,701,911,471,438,958 
328,337,469,280,480,142,685,519,854,690 
749,482,554,345,715,668,536,349,906,657 
761,201,268,668,717,672,286,838,477,631 
140,838,222,520,597,220,999,944,294,78 
380,781,214,688,137,234,582,924,653,352 
299,597,181,768,209,845,60,368,917,124 
401,732,207,975,727,218,11,429,160,58 
96,734,663,228,900,971,578,42,147,734 
146,606,139,256,637,984,392,969,28,858 
328,560,137,971,302,421,264,555,402,50 
431,156,497,185,395,294,954,697,89,134 
582,391,587,251,801,688,370,985,879,948 
36,979,948,86,690,700,889,500,923,489 
139,214,64,675,468,138,121,365,915,815 
378,416,548,400,462,595,903,524,115,191 
34,408,596,707,997,187,562,279,332,30 
204,262,16,499,970,179,95,371,685,900 
104,287,21,270,558,900,155,133,217,97 
830,294,879,760,622,797,769,947,221,107 
610,684,725,232,776,607,320,977,292,250 
388,55,318,635,586,377,253,865,307,392 
874,875,790,535,39,434,415,842,750,640 
792,76,846,722,805,292,97,205,716,783 
100,566,309,212,652,322,389,15,67,266 
96,426,808,109,154,701,465,973,24,253 
731,732,646,816,577,972,411,806,418,74 
54,517,717,765,177,795,859,646,332,408 
518,453,612,371,436,32,769,289,121,946 
795,876,582,458,185,764,477,815,129,821 
290,155,859,422,11,815,390,397,953,822 
185,525,239,494,104,187,930,121,475,821 
129,303,104,636,233,250,583,725,688,687 
460,52,493,577,222,850,876,779,452,222 
820,123,783,28,608,51,91,51,911,198 
76,99,136,409,238,789,763,546,321,467 
145,109,386,111,640,426,870,678,129,197 
148,971,478,892,325,925,374,117,807,510 
751,715,137,937,203,261,578,860,430,162 
458,783,808,343,295,468,208,476,474,498 
967,639,604,946,956,504,669,717,50,266 
448,599,758,94,656,88,855,234,940,469 
74,991,893,724,469,627,784,248,721,20 
381,522,837,63,470,291,181,986,398,721 
27,477,592,973,206,574,45,875,977,581 
854,113,586,319,477,234,280,170,657,183 
473,980,695,117,78,937,814,736,438,27 
880,304,61,384,787,28,729,961,224,760 
637,151,731,21,851,809,366,365,973,784 
981,977,439,837,710,98,113,212,269,534 
784,896,489,498,378,163,225,325,195,570 
63,680,507,670,80,423,170,890,891,843 
958,839,706,262,555,439,456,464,37,338 
386,719,732,276,926,801,40,449,182,786 
993,940,602,959,55,681,1,248,26,717 
841,227,417,603,506,876,219,608,798,235 
874,553,155,753,822,528,137,382,663,85 
376,836,932,190,769,272,829,798,251,989 
764,483,495,116,437,844,426,627,514,866 
396,223,384,848,333,484,209,610,622,973 
205,412,585,811,343,597,834,208,681,697 
494,602,234,48,552,775,770,528,627,783 
924,869,713,802,518,640,30,286,182,193 
156,742,774,70,891,975,447,98,591,841 
499,765,880,977,447,927,267,480,797,400 
737,374,546,754,80,810,79,173,223,177 
597,787,260,791,922,981,669,856,420,105 
442,414,263,723,635,674,534,738,905,496 
818,713,560,934,99,408,308,628,484,799 
577,616,325,657,646,876,788,241,265,34 
454,614,591,269,168,61,238,495,939,78 
986,842,666,786,975,589,37,82,696,317 
888,864,115,624,842,699,70,882,908,87 
354,993,463,341,104,888,531,502,960,735 
692,950,408,717,540,129,979,449,896,907 
957,447,848,373,521,742,203,533,96,203 
394,217,397,620,114,436,791,760,193,988 
907,706,214,124,691,437,449,108,863,692 
278,454,581,512,649,820,280,749,652,3 
316,167,746,249,216,800,684,262,838,563 
973,77,959,532,137,514,659,764,59,129 
992,504,834,882,257,423,218,850,73,855 
534,984,504,842,909,865,262,87,444,401 
744,150,189,251,543,370,383,836,619,467 
671,373,758,87,962,633,528,6,568,325 
204,581,789,63,955,645,127,719,310,901 
637,155,37,608,428,545,840,61,978,178 
30,766,174,238,733,736,830,169,383,309 
924,934,757,165,954,663,410,211,823,452 
669,819,69,930,143,954,8,894,112,217 
732,501,295,315,248,341,798,358,753,454 
872,308,505,91,421,342,842,502,174,208 
851,847,685,649,133,82,437,160,482,31 
842,963,172,263,944,468,201,841,407,481 
690,317,60,311,2,832,660,540,928,858 
130,989,173,753,853,383,840,122,100,29 
849,181,939,16,198,890,252,491,243,388 
146,526,336,410,275,884,810,562,394,384 
129,958,725,728,102,518,355,319,630,39 
850,280,649,850,294,470,670,966,246,141 
890,37,375,346,428,524,558,750,410,770 
923,579,724,99,822,246,23,186,720,934 
647,985,442,668,195,937,537,428,162,340 
681,130,32,778,521,979,422,623,362,501 
335,115,124,167,658,109,957,617,294,384 
527,245,964,591,61,865,909,682,793,861 
664,224,426,649,748,703,12,173,588,78 
166,295,233,318,75,305,884,714,210,30 
114,646,940,626,767,519,782,488,512,13 
435,560,622,157,552,618,116,426,925,223 
91,300,706,501,621,849,679,309,134,871 
289,785,607,247,184,976,324,521,717,296 
787,595,152,988,311,276,565,339,229,109 
784,879,502,975,442,607,441,334,673,333 
843,486,870,137,677,353,518,258,900,705 
447,219,62,845,689,853,751,116,38,553 
206,267,505,150,692,585,116,155,492,630 
385,792,345,345,679,188,515,192,349,103 
764,624,549,110,143,125,714,466,982,168 
602,60,85,43,600,663,36,99,482,707 
316,672,783,710,793,318,289,360,784,531 
885,938,381,574,720,115,212,90,772,782 
418,65,349,103,998,323,769,887,219,949 
704,656,127,319,470,429,823,7,784,600 
724,748,6,219,201,696,151,103,161,742 
497,696,646,628,358,891,617,913,197,410 
2,545,184,149,467,491,692,615,928,481 
491,405,535,338,648,543,956,891,330,550 
563,588,167,320,508,887,934,960,748,915 
441,73,969,652,286,945,957,283,64,272 
356,672,664,891,432,19,7,112,169,607 
87,543,939,392,166,844,527,579,13,572 
616,888,147,768,410,298,219,182,479,856 
101,657,179,706,417,702,999,458,137,608 
72,391,953,608,441,534,549,627,214,109 
650,821,296,38,687,933,368,151,908,244 
624,742,169,81,862,933,724,538,526,603 
534,857,877,96,503,662,909,352,194,60 
201,626,490,966,881,72,398,831,789,821 
816,415,299,45,744,44,206,855,358,822 
763,715,501,823,70,509,926,664,437,876 
363,778,484,507,742,681,433,7,888,460 
135,337,599,646,567,684,787,473,21,399 
392,142,179,393,180,541,867,298,684,430 
89,779,579,132,289,763,962,178,668,174 
441,784,825,358,169,211,342,449,889,83 
232,369,745,575,50,676,379,992,25,332 
773,780,66,933,308,367,379,178,79,565 
849,373,389,883,263,693,583,574,156,3 
214,559,676,461,505,923,656,974,330,969 
690,804,781,917,113,586,226,140,196,364 
524,791,320,936,689,407,158,112,181,212 
892,968,362,666,552,444,91,439,722,267 
876,992,974,231,42,868,797,264,628,416 
234,768,379,983,239,407,800,646,20,36 
848,491,107,817,416,892,0,830,600,128 
287,896,158,135,119,94,590,432,429,347 
990,861,102,5,237,135,329,810,169,237 
920,236,735,718,46,27,132,536,798,735 
740,180,943,657,585,251,680,752,889,47 
915,828,630,625,649,868,537,808,829,457 
904,727,100,827,797,226,934,595,247,871 
457,554,950,780,404,607,519,632,426,605 
246,431,67,71,302,58,416,361,195,599 
567,884,815,151,458,726,340,429,508,315 
718,108,420,38,651,593,114,601,703,548 
899,892,262,818,404,292,605,785,597,850 
631,322,251,307,988,830,844,185,3,862 
844,572,223,939,389,479,277,190,83,152 
531,358,477,51,852,356,5,935,36,5 
903,427,295,755,8,226,637,830,13,109 
686,386,303,826,727,426,440,761,843,289 
759,76,859,31,258,19,176,968,772,581 
656,962,432,182,276,713,574,144,239,624 
463,653,11,211,228,494,349,597,544,717 
508,367,966,749,118,412,764,962,327,203 
282,773,872,278,87,682,115,75,416,765 
926,895,715,285,228,350,196,692,39,34 
614,804,364,517,169,976,739,963,643,722 
443,939,591,280,335,146,419,668,491,877 
294,502,714,676,37,59,637,613,146,936 
202,628,601,702,407,572,720,609,62,159 
251,37,923,647,100,625,372,661,629,662 
494,480,360,73,379,887,596,894,286,185 
230,824,729,905,382,568,110,553,283,801 
610,409,854,785,505,268,515,111,622,670 
271,332,459,618,738,73,659,847,883,360 
681,270,506,332,305,548,876,659,741,53 
294,253,218,288,340,196,280,975,788,984 
337,157,168,55,343,92,472,513,912,202 
399,458,822,811,686,408,163,136,847,838 
83,45,7,129,498,498,136,713,511,573 
377,167,148,285,580,759,374,657,309,687 
559,872,141,287,840,302,847,931,673,563 
808,56,221,761,388,793,343,975,360,696 
592,265,865,260,882,551,193,738,898,388 
110,41,141,698,302,4,695,224,473,411 
473,769,601,58,485,273,130,192,194,954 
802,983,772,24,818,444,939,397,965,228 
627,825,582,485,406,721,11,668,973,418 
886,287,683,857,456,13,752,430,689,919 
282,977,418,199,832,781,977,448,264,232 
32,253,147,653,702,46,347,800,860,583 
250,961,978,774,546,885,179,960,716,396 
840,87,794,647,125,620,784,421,937,23 
873,237,12,40,134,343,795,728,673,286 
167,58,849,546,975,361,458,432,180,825 
906,720,556,122,110,89,626,599,501,761 
14,537,904,140,61,190,875,79,247,753 
374,328,481,360,265,811,896,113,112,235 
551,188,288,619,153,411,701,72,466,351 
46,298,206,838,246,830,22,36,471,648 
863,648,310,885,311,469,571,546,11,788 
646,601,156,972,78,578,745,216,471,700 
292,663,146,137,268,946,681,562,929,560 
846,914,250,880,189,484,230,820,46,901 
508,102,949,678,598,693,761,459,281,10 
204,293,783,869,36,624,849,747,473,301 
176,907,852,299,803,567,734,779,873,271 
914,84,630,760,84,414,981,767,465,926 
606,692,894,591,991,689,355,909,857,30 
560,680,949,259,903,651,297,441,87,365 
746,995,854,263,694,536,868,748,295,888 
901,472,166,426,0,739,307,538,408,586 
577,825,98,525,473,478,398,996,905,615 
161,687,703,834,878,606,296,593,892,687 
41,829,102,22,756,779,446,438,5,446 
902,211,333,479,363,74,680,484,759,582 
189,283,244,45,804,250,934,145,659,384 
30,836,170,133,17,310,366,967,955,3 
643,240,597,14,480,656,663,15,937,43 
815,314,624,593,281,418,553,937,811,649 
28,306,305,288,106,494,550,169,630,149 
549,670,783,634,683,134,97,366,950,588 
453,584,83,605,619,345,718,383,752,327 
35,939,426,420,279,960,448,328,919,429 
227,648,96,184,982,961,707,595,672,545 
210,68,292,639,24,367,279,628,622,313 
290,452,39,713,59,118,407,637,297,969 
310,437,48,801,241,431,41,119,644,965 
763,490,273,717,753,293,939,749,836,689 
32,179,236,930,164,52,920,532,839,511 
143,570,152,150,301,487,607,482,778,830 
453,685,441,464,712,250,622,907,808,115 
223,991,232,416,838,151,402,450,86,349 
105,356,412,907,476,616,672,666,58,177 
555,569,181,217,320,794,170,298,283,423 
995,703,498,338,660,795,146,49,472,247 
625,113,909,716,158,602,529,459,169,951 
233,776,334,112,533,130,418,239,766,705 
907,12,282,281,828,418,299,11,276,668 
146,690,320,67,409,995,610,298,480,857 
967,221,523,851,190,244,80,833,355,411 
906,911,501,685,723,351,717,14,883,401 
176,886,856,456,245,417,208,253,407,498 
266,719,987,56,219,695,912,388,25,615 
823,14,897,276,589,960,603,421,378,1 
988,706,275,740,300,832,513,284,558,505 
56,58,960,311,539,947,457,503,905,791 
764,823,813,727,723,999,48,874,999,539 
692,569,98,779,699,451,294,300,858,714 
719,875,527,832,130,773,298,969,45,457 
78,828,457,290,71,101,279,93,768,640 
149,856,108,750,900,873,494,770,679,585 
388,264,5,7,346,15,219,744,848,415 
730,350,805,264,443,229,18,955,296,254 
798,810,222,18,714,268,208,203,453,828 
296,385,151,186,102,717,195,673,741,975 
601,568,313,846,940,567,183,362,180,975 
142,175,935,257,792,629,154,492,96,764 
501,235,413,462,410,501,286,433,396,506 
748,439,719,135,318,116,461,118,431,890 
367,329,716,728,11,940,200,570,355,476 
433,977,181,164,444,672,981,919,83,191 
413,686,76,362,816,881,385,565,113,285 
828,671,119,830,730,494,894,548,600,755 
120,63,768,240,394,258,596,668,801,105 
235,319,148,196,251,281,450,716,555,323 
123,180,514,12,20,257,10,898,802,788 
382,435,32,410,455,736,498,780,253,491 
585,25,375,113,63,435,161,801,111,777 
439,242,730,997,342,333,285,214,928,512 
61,986,601,894,83,478,421,919,468,956 
527,389,639,366,928,853,952,656,66,899 
295,329,215,148,575,502,975,759,594,503 
587,574,334,890,269,318,364,649,382,140 
325,541,266,757,17,615,325,276,388,65 
33,336,406,41,781,551,333,275,80,384 
167,131,916,85,278,590,899,422,83,730 
729,838,380,326,424,437,860,167,566,295 
365,2,139,800,820,682,784,71,604,479 
557,528,243,632,341,229,307,330,349,609 
665,917,48,431,553,582,190,140,316,627 
965,582,714,658,294,674,595,157,805,817 
367,531,275,567,908,990,859,31,429,921 
550,935,156,370,475,194,215,288,516,851 
704,190,828,729,953,89,559,100,831,834 
941,492,582,136,542,141,897,420,250,117 
520,900,120,864,520,947,862,895,76,410 
624,11,331,676,690,25,961,24,537,40 
498,568,280,48,882,149,566,206,190,266 
552,505,459,168,452,400,594,235,346,433 
645,462,255,873,102,282,747,519,194,773 
281,660,502,578,404,713,800,706,692,770 
599,919,45,842,188,552,432,95,386,664 
477,266,322,620,831,9,757,524,563,996 
410,279,63,547,463,418,50,780,562,243 
721,488,754,403,972,737,135,219,224,105 
808,466,796,693,186,336,880,750,560,179 
911,725,884,121,86,589,208,76,508,933 
596,67,186,111,305,99,447,122,422,460 
839,960,86,516,835,124,615,315,329,872 
23,456,358,6,139,479,361,198,227,317 
343,102,892,309,215,178,144,432,722,235 
692,336,410,454,430,222,380,282,904,646 
315,83,120,673,353,41,801,195,269,80 
513,902,530,149,647,192,5,59,809,125 
403,704,303,554,247,571,832,650,932,896 
818,783,154,811,556,354,425,789,474,239 
701,215,270,859,151,714,681,720,631,610 
272,684,279,363,526,369,892,967,964,756 
574,278,681,988,266,755,410,242,118,587 
60,342,423,478,1,890,168,502,994,417 
852,985,578,773,137,142,18,451,27,507 
624,994,564,835,381,964,292,699,820,447 
576,434,599,163,505,671,359,794,392,921 
939,881,300,85,288,933,337,382,380,778 
235,265,249,284,125,228,923,553,518,270 
620,403,747,598,475,384,413,938,818,143 
804,719,922,724,269,401,346,670,612,992 
370,576,451,944,835,543,307,399,639,977 
332,220,388,444,424,84,402,938,287,239 
46,501,409,149,681,685,580,828,181,979 
306,813,872,311,897,576,275,672,522,773 
341,495,981,293,25,999,175,824,713,919 
85,805,630,639,454,461,945,269,453,978 
905,730,486,20,865,226,682,304,481,50 
283,46,673,299,65,451,591,941,247,226 
924,456,11,808,568,793,674,946,933,393 
811,989,890,557,151,524,520,664,644,943 
768,906,713,431,894,763,176,988,902,468 
626,358,993,962,55,365,487,406,831,276 
631,838,41,928,420,716,732,220,297,769 
386,848,752,844,939,441,595,345,444,493 
831,860,262,976,187,931,444,286,688,335 
317,825,822,387,254,103,429,728,769,263 
857,562,523,734,931,66,93,810,410,840 
519,798,492,600,752,351,62,765,999,178 
126,365,644,814,622,222,606,254,346,180 
323,402,431,914,619,636,378,403,217,405 
215,157,81,508,363,770,223,188,242,566 
702,725,283,491,493,53,466,903,700,977 
99,636,49,199,722,146,679,257,520,296 
918,380,324,800,452,548,665,269,429,352 
189,889,947,617,1,618,76,196,68,513 
920,830,512,239,999,181,293,293,972,293 
83,533,715,596,941,273,7,140,867,37 
846,561,486,129,880,960,477,657,352,712 
43,238,640,743,921,289,858,6,699,20 
154,20,67,203,153,469,8,42,572,800 
489,275,464,97,715,130,119,338,590,863 
309,918,297,438,483,595,150,980,579,760 
881,960,100,338,759,610,95,58,428,301 
297,41,619,109,755,260,327,691,941,857 
408,840,390,361,906,407,529,627,692,357 
733,767,870,503,646,615,70,664,641,598 
641,829,248,634,381,404,838,647,546,81 
623,903,697,5,9,31,121,976,569,560 
925,994,515,327,604,87,162,176,702,153 
242,839,690,819,594,649,944,332,585,565 
508,836,273,731,0,362,858,534,617,553 
654,260,113,332,961,201,186,975,454,506 
529,318,54,55,567,419,680,39,909,510 
785,214,324,39,937,917,163,445,119,518 
985,990,496,556,719,64,274,361,723,270 
304,965,560,318,723,64,985,77,999,195 
57,800,87,700,579,662,95,636,739,874 
661,280,410,803,162,719,925,10,340,95 
490,35,838,55,545,577,305,761,751,913 
481,528,931,518,691,943,180,360,459,868 
509,260,95,151,167,324,812,479,755,688 
967,271,632,327,179,468,131,653,135,299 
725,778,258,604,378,902,546,953,575,348 
420,554,916,324,317,980,796,84,850,811 
37,206,390,147,534,94,976,390,733,667 
899,140,854,25,395,630,429,357,605,638 
114,246,759,332,399,768,340,202,682,11 
772,691,373,872,925,560,6,991,910,785 
261,34,289,246,986,287,348,858,61,749 
911,200,711,771,771,355,339,388,413,399 
573,360,558,759,728,946,275,911,475,226 
53,258,453,869,915,745,822,14,843,275 
982,500,376,52,189,808,477,867,125,56 
112,283,1,406,36,977,702,918,938,24 
880,112,985,727,171,202,98,342,599,144 
189,561,376,617,744,419,579,333,53,647 
542,618,628,236,997,735,454,407,513,529 
298,558,786,950,626,387,197,536,296,339 
903,546,854,964,889,869,703,219,501,358 
389,529,291,285,786,94,762,877,641,58 
122,163,80,144,47,860,888,810,95,515 
579,808,508,266,782,195,101,427,267,347 
920,177,959,883,678,15,372,261,838,937 
363,691,672,634,162,10,642,348,808,964 
860,730,443,906,773,900,786,846,451,336 
196,480,428,39,9,392,639,432,458,761 
461,218,633,982,566,141,535,20,205,813 
465,852,69,47,577,169,692,243,688,834 
689,183,242,531,691,137,19,84,598,194 
305,93,874,158,293,891,227,375,940,744 
845,522,123,82,736,687,878,234,163,756 
174,512,476,912,413,217,544,26,744,583 
69,482,779,191,435,638,509,38,755,183 
344,826,599,187,916,968,246,790,53,32 
965,455,903,324,643,845,664,975,249,631 
413,50,565,188,149,72,986,913,937,993 
170,102,627,43,251,844,445,529,549,440 
137,586,959,547,795,439,747,407,406,48 
50,61,556,834,577,669,340,630,944,465 
982,799,576,498,978,957,130,460,784,371 
715,703,644,798,409,17,467,244,424,155 
920,483,767,511,650,512,512,113,628,257 
192,49,730,743,410,264,620,712,136,544 
375,758,847,18,105,367,391,638,25,993 
839,493,344,511,894,16,45,943,909,41 
96,980,397,708,407,941,939,111,746,184 
182,81,922,187,879,703,529,539,185,629 
823,876,516,166,496,570,154,126,378,39 
759,594,477,241,65,654,909,881,350,878 
171,481,75,357,627,120,374,16,293,487 
991,428,782,508,683,880,232,808,455,452 
156,662,980,83,671,590,622,713,751,421 
566,541,493,399,168,529,532,617,299,479 
942,706,811,3,444,655,647,433,892,582 
273,456,378,947,828,668,923,133,713,926 
873,311,720,495,187,780,673,538,240,518 
227,19,31,928,293,882,974,699,694,193 
786,491,226,883,751,190,408,772,105,50 
393,765,321,670,544,16,467,723,633,952 
431,814,931,991,667,349,814,692,802,696 
932,818,109,598,312,21,291,633,169,719 
866,776,19,232,105,262,728,169,492,57 
831,909,894,372,310,81,154,746,715,755 
0,83,94,348,728,385,879,625,845,607 
428,649,884,277,288,856,418,93,779,825 
561,835,315,529,650,436,912,559,909,570 
436,150,792,351,260,525,115,92,525,167 
119,864,552,202,172,565,732,895,591,6 
225,506,982,758,557,352,299,487,753,163 
693,781,572,611,671,905,704,68,776,447 
556,804,466,971,769,272,187,955,12,693 
87,548,791,87,95,195,605,836,163,336 
416,940,897,553,704,660,867,464,953,852 
609,687,371,830,547,820,911,113,241,765 
46,884,984,185,196,519,969,776,619,957 
664,993,782,552,884,496,857,952,960,722 
17,283,422,493,122,613,925,806,172,275 
533,731,47,846,530,493,746,678,603,443 
264,52,888,715,664,479,486,936,859,63 
266,965,258,235,159,799,800,836,401,920 
975,922,143,692,83,652,392,771,509,69 
158,915,412,484,857,496,982,656,186,108 
658,246,553,480,123,682,241,115,206,220 
30,770,966,445,865,830,403,993,811,377 
401,612,820,759,564,141,713,406,692,912 
676,329,128,1,433,486,788,595,836,653 
462,993,741,498,999,98,64,84,836,525 
513,81,641,944,565,899,634,937,317,46 
315,991,681,878,908,310,346,169,12,456 
650,271,805,621,476,44,836,113,594,444 
686,283,415,449,879,297,392,498,975,745 
448,273,873,876,762,29,142,74,443,732 
397,317,344,626,694,805,584,917,27,23 
653,605,731,795,33,24,926,836,135,692 